0,1,2,3,4,5,6,7,8,9,10,11,12,13,14,15,16,17,18,19,20,21,22,23,24,25,26,27,28,29,30,31,32,33,34,35,36,37,38,39,40,41,42,43,44,45,46,47,48,49,50,51,52,53,54,55,56,57,58,59,60,61,62,63,64,65,66,67,68,69,70,71,72,73,74,75,76,77,78,79,80
Emiliano Martínez,Arsenal,GK,4.5,0,0,90,13,90,6,90,3,90,9,90,3,90,0,90,6,90,1,90,1,0,0,90,11,90,8,90,6,90,10,90,3,90,3,0,0,180,9,90,1,90,10,90,4,90,9,90,12,90,2,180,12,90,7,90,3,90,1,90,4,90,4,90,1,90,2,90,2,180,12,90,2,90,3,90,3,186
Aaron Wan-Bissaka,Man Utd,DEF,5.5,0,0,0,0,90,1,90,-1,90,8,90,6,90,2,90,2,90,8,90,1,90,2,90,6,90,1,90,1,0,0,90,6,90,6,90,6,180,8,90,1,90,8,90,17,90,4,90,2,90,2,180,12,90,6,90,5,0,0,90,2,90,2,90,1,90,9,0,0,180,8,0,0,90,2,0,0,144
Aaron Cresswell,West Ham,DEF,5.0,90,1,90,1,90,7,90,15,90,5,90,2,90,1,90,6,90,7,90,2,90,1,90,5,90,2,90,1,90,4,90,6,90,11,0,0,180,10,90,5,90,4,90,1,90,9,90,12,90,2,90,1,90,12,90,2,90,0,90,1,52,0,0,0,0,0,90,2,58,1,90,3,90,5,90,6,153
Stuart Dallas,Leeds,DEF,4.5,90,3,90,1,90,6,90,1,90,2,90,6,80,6,90,0,90,5,90,8,90,1,90,1,90,7,90,5,90,6,90,12,90,1,0,0,90,2,90,2,90,7,90,1,90,12,90,-1,180,17,90,2,90,1,90,6,90,2,90,2,90,17,90,1,90,6,90,1,90,9,90,6,90,5,90,2,171
Heung-Min Son,Spurs,MID,9.0,90,2,90,24,45,1,72,18,79,13,90,11,84,2,90,3,90,10,90,3,87,13,90,5,86,9,90,2,83,3,0,0,90,13,90,2,90,5,90,2,90,2,90,2,90,10,90,2,90,2,180,14,90,5,18,1,0,0,45,1,90,7,180,12,0,0,90,12,90,7,90,3,90,2,90,5,228
Mohamed Salah,Liverpool,MID,12.0,90,20,90,3,90,5,90,13,90,7,90,2,89,8,90,9,0,0,63,6,90,14,83,8,90,7,33,16,90,2,90,3,90,2,0,0,123,4,90,2,90,15,90,2,90,7,90,7,90,2,151,5,90,2,90,3,0,0,90,8,90,7,19,1,90,9,0,0,176,13,90,10,90,3,90,6,231
Bruno Miguel Borges Fernandes,Man Utd,MID,10.5,0,0,90,2,90,12,45,6,90,11,90,3,74,2,90,17,90,11,90,10,45,6,90,3,79,2,70,17,90,12,90,6,86,10,88,2,178,8,90,2,90,3,90,17,90,7,90,9,90,12,180,6,90,10,90,3,0,0,90,5,89,2,90,2,90,3,0,0,187,19,0,0,90,4,0,0,244
Jack Harrison,Leeds,MID,5.5,90,7,90,2,90,7,0,0,81,2,90,3,90,6,90,2,79,3,88,6,56,1,45,1,90,12,90,2,90,3,90,8,60,2,0,0,90,2,90,7,90,9,86,1,90,9,45,1,125,3,26,1,45,1,63,3,90,7,90,13,0,0,90,5,67,3,90,2,90,2,90,16,90,3,90,5,160
Jamie Vardy,Leicester,FWD,10.0,90,13,90,2,84,17,90,2,0,0,30,7,84,14,90,4,90,2,90,5,90,8,90,13,90,2,87,12,90,5,24,1,90,5,0,0,177,4,0,0,0,0,0,0,29,1,90,6,90,5,180,4,90,2,90,13,0,0,90,2,90,2,84,10,90,2,90,2,169,7,0,0,90,2,90,13,187
Patrick Bamford,Leeds,FWD,5.5,61,7,69,14,90,8,90,1,90,2,90,17,90,2,90,7,90,2,90,2,90,8,73,5,83,6,90,2,90,8,90,8,90,2,0,0,90,2,59,1,90,15,90,5,90,6,90,2,180,8,90,2,90,2,34,1,76,11,64,2,45,4,90,2,90,1,58,1,78,9,57,1,90,12,45,6,194
Harry Kane,Spurs,FWD,10.5,90,2,83,21,90,5,90,16,90,16,90,5,90,6,90,9,90,4,90,2,90,12,90,9,90,2,90,2,90,2,0,0,86,12,90,8,90,9,45,1,0,0,0,0,90,8,90,2,90,2,180,8,79,19,90,2,90,7,90,13,90,2,90,12,0,0,90,2,90,2,90,8,90,2,90,10,242
Fraser Forster,Southampton,GK,4.0,0,0,0,0,0,0,0,0,0,0,0,0,0,0,0,0,0,0,0,0,0,0,0,0,0,0,0,0,0,0,0,0,90,6,0,0,0,0,0,0,0,0,0,0,0,0,0,0,0,0,90,2,90,6,90,2,0,0,90,2,90,2,0,0,0,0,0,0,180,10,0,0,0,0,0,0,30
Lewis Dunk,Brighton,DEF,5.0,90,1,90,7,90,-2,90,0,90,-1,0,0,0,0,0,0,90,2,90,3,90,0,90,1,90,6,90,1,90,9,90,1,90,7,90,2,90,8,90,6,90,6,90,8,90,9,90,7,90,1,90,2,90,1,90,10,90,6,90,1,90,8,90,6,90,2,90,8,52,3,0,0,0,0,90,1,130
Tyrick Mitchell,Crystal Palace,DEF,4.0,90,6,90,5,90,1,90,0,90,1,90,2,0,0,0,0,0,0,0,0,0,0,0,0,0,0,0,0,0,0,90,2,90,6,90,8,90,0,90,1,0,0,0,0,90,1,0,0,90,2,0,0,0,0,0,0,0,0,0,0,0,0,0,0,0,0,90,1,180,7,90,13,90,1,90,1,58
Mohamed Naser El Sayed Elneny,Arsenal,MID,4.5,90,3,0,0,90,2,90,2,0,0,0,0,90,3,90,2,0,0,0,0,0,0,90,1,90,2,63,1,90,2,90,3,0,0,0,0,23,1,12,1,0,0,0,0,0,0,12,1,85,2,65,2,0,0,2,1,0,0,32,1,7,1,67,2,0,0,90,11,180,5,0,0,90,1,0,0,50
