0,1,2,3,4,5,6,7,8,9,10,11,12,13,14,15,16,17,18,19,20,21,22,23,24,25,26,27,28,29,30,31,32,33,34,35,36,37,38,39,40,41,42,43,44,45,46,47,48,49,50,51,52,53,54,55,56,57,58,59,60,61,62,63,64,65,66,67,68,69,70,71,72,73,74,75,76,77,78,79,80
Hugo Lloris,Spurs,GK,5.5,90,10,90,11,90,6,90,1,90,3,90,2,90,2,90,1,90,3,90,1,90,6,90,4,0,0,90,7,90,6,0,0,0,0,90,2,90,6,90,2,90,8,90,1,90,2,90,3,90,2,180,3,90,6,90,6,180,8,90,2,90,2,90,10,90,3,90,6,90,2,180,10,90,5,90,6,158
Reece James,Chelsea,DEF,5.5,23,1,90,18,47,1,0,0,0,0,28,1,0,0,1,1,90,13,90,21,90,7,90,12,90,1,0,0,90,0,90,0,90,8,90,6,90,0,26,1,0,0,0,0,0,0,0,0,0,0,0,0,0,0,69,18,0,0,0,0,35,0,27,1,90,0,90,2,90,2,167,13,90,7,90,7,141
Gabriel Magalhães,Arsenal,DEF,5.0,0,0,0,0,0,0,90,8,90,7,90,2,90,6,90,1,90,2,90,15,90,5,90,0,90,8,90,1,90,1,68,11,90,6,90,2,90,6,0,0,58,-3,0,0,90,6,90,14,0,0,180,3,0,0,90,1,180,7,90,8,90,1,90,1,180,2,90,2,90,11,165,2,72,2,90,8,146
Matthew Cash,Aston Villa,DEF,5.0,90,1,90,6,90,1,90,1,85,15,90,5,90,1,78,6,90,1,90,0,90,2,90,5,90,1,90,1,90,2,90,2,90,6,0,0,90,1,0,0,90,1,90,1,90,5,90,3,90,2,64,5,90,14,180,29,90,1,90,2,90,1,90,0,0,0,90,6,90,6,180,3,180,4,90,7,147
João Pedro Cavaco Cancelo,Man City,DEF,6.0,90,2,90,6,90,6,90,12,90,6,90,12,90,0,90,6,90,1,77,2,90,14,90,12,90,1,90,2,90,2,90,7,0,0,90,18,90,4,90,6,90,2,90,11,90,2,90,7,0,0,90,1,90,9,90,2,90,9,0,0,90,6,90,5,90,6,90,1,90,5,180,14,90,1,90,1,201
Rúben Santos Gato Alves Dias,Man City,DEF,6.0,90,2,90,11,90,6,90,7,90,8,90,5,90,0,18,1,90,2,90,1,90,6,0,0,90,2,90,9,90,2,90,5,64,5,69,12,90,4,90,6,90,2,0,0,90,2,90,6,90,10,90,1,90,7,0,0,0,0,0,0,0,0,0,0,45,1,90,2,90,12,45,4,0,0,0,0,141
Diogo Jota,Liverpool,MID,7.5,60,8,80,8,47,1,81,3,75,3,90,7,67,2,0,0,90,11,12,1,75,2,75,8,80,14,87,8,81,3,32,1,90,7,90,7,0,0,90,2,68,5,81,3,90,5,90,16,23,1,0,0,0,0,11,0,80,7,0,0,90,14,69,7,20,4,81,3,90,5,115,3,90,5,57,1,175
Jarrod Bowen,West Ham,MID,6.5,89,2,90,2,78,2,82,3,90,5,90,5,90,7,90,6,90,3,90,11,83,9,70,2,16,1,90,2,90,11,90,3,90,2,0,0,90,4,90,14,180,21,90,7,90,2,90,11,90,13,90,1,90,3,53,1,0,0,0,0,69,13,90,2,90,2,17,1,90,6,90,13,90,14,90,2,206
Heung-Min Son,Spurs,MID,10.0,90,10,71,3,87,10,0,0,90,2,90,7,90,10,90,9,90,2,90,2,84,3,90,2,0,0,86,8,90,13,0,0,0,0,90,7,75,8,90,6,90,6,0,0,0,0,90,7,90,2,169,12,86,9,66,7,169,5,90,15,90,12,77,21,87,3,90,3,81,19,161,20,90,3,90,12,258
Mohamed Salah,Liverpool,MID,12.5,90,17,90,3,90,10,90,8,90,12,90,7,90,13,90,13,90,24,90,5,90,5,90,8,90,6,90,15,90,6,90,8,73,8,90,2,0,0,90,0,90,7,0,0,0,0,30,1,90,3,180,28,0,0,78,3,98,10,0,0,68,3,90,5,90,19,90,6,21,1,108,3,0,0,32,6,265
Harry Kane,Spurs,FWD,12.5,0,0,18,0,90,1,90,2,90,2,90,2,90,2,90,12,90,2,90,2,90,2,90,2,0,0,90,2,90,2,0,0,0,0,90,6,63,6,90,6,90,2,90,11,90,2,90,2,90,2,180,15,90,11,90,13,180,14,90,13,90,4,90,10,90,2,90,2,90,6,180,15,90,7,90,10,192
Aaron Ramsdale,Arsenal,GK,4.5,0,0,0,0,0,0,90,6,90,9,90,3,90,6,90,2,90,3,90,10,90,7,90,1,90,7,90,3,90,2,90,11,90,5,90,2,90,6,0,0,90,1,0,0,90,8,90,9,0,0,180,4,0,0,90,2,180,10,0,0,90,1,90,1,180,3,90,3,90,2,180,4,90,2,90,2,135
Jacob Ramsey,Aston Villa,MID,4.5,45,1,90,3,0,0,55,0,90,3,85,3,68,1,16,1,22,6,14,1,27,1,83,3,66,3,0,0,83,2,73,2,90,10,0,0,90,2,0,0,68,1,90,12,90,3,88,14,90,1,90,2,90,3,167,6,90,10,68,1,90,2,90,2,0,0,90,3,90,2,0,0,95,3,82,2,109
Joe Gelhardt,Leeds,FWD,4.5,0,0,0,0,0,0,0,0,0,0,0,0,0,0,13,1,27,4,0,0,0,0,86,1,0,0,0,0,0,0,8,7,45,1,90,4,0,0,0,0,32,4,0,0,10,1,0,0,0,0,74,1,0,0,72,1,1,6,0,0,31,1,0,0,0,0,16,1,28,1,40,2,90,5,70,2,43
Liam Delap,Man City,FWD,4.5,0,0,0,0,0,0,0,0,0,0,0,0,0,0,0,0,0,0,0,0,0,0,0,0,0,0,0,0,0,0,0,0,0,0,0,0,0,0,0,0,0,0,0,0,0,0,0,0,8,1,0,0,0,0,0,0,0,0,0,0,0,0,0,0,0,0,0,0,0,0,0,0,0,0,0,0,1
