0,1,2,3,4,5,6,7,8,9,10,11,12,13,14,15,16,17,18,19,20,21,22,23,24,25,26,27,28,29,30,31,32,33,34,35,36,37,38,39,40,41,42,43,44,45,46,47,48,49,50,51,52,53,54,55,56,57,58,59,60,61,62,63,64,65,66,67,68,69,70,71,72,73,74,75,76,77,78,79,80
David Raya Martin,Brentford,GK,4.5,90.0,2.0,90.0,7.0,90.0,3.0,90.0,6.0,90.0,3.0,90.0,2.0,0.0,0.0,90.0,2.0,90.0,6.0,90.0,0.0,90.0,10.0,90.0,10.0,90.0,2.0,90.0,3.0,90.0,2.0,90.0,3.0,90.0,3.0,90.0,9.0,90.0,3.0,90.0,5.0,90.0,10.0,90.0,7.0,90.0,6.0,90.0,3.0,0.0,0.0,90.0,2.0,180.0,9.0,90.0,2.0,180.0,8.0,90.0,0.0,90.0,5.0,90.0,2.0,90.0,9.0,90.0,2.0,90.0,3.0,90.0,7.0,90.0,4.0,90.0,6.0,166.0
Ben Mee,Brentford,DEF,4.5,58.0,0.0,90.0,14.0,90.0,0.0,90.0,2.0,90.0,2.0,90.0,1.0,0.0,0.0,90.0,1.0,90.0,7.0,70.0,1.0,90.0,6.0,90.0,6.0,0.0,0.0,90.0,11.0,90.0,1.0,90.0,5.0,90.0,1.0,90.0,6.0,90.0,2.0,90.0,7.0,90.0,6.0,90.0,13.0,90.0,2.0,90.0,1.0,0.0,0.0,90.0,1.0,180.0,9.0,90.0,2.0,180.0,3.0,81.0,1.0,90.0,1.0,90.0,2.0,90.0,6.0,90.0,2.0,90.0,2.0,90.0,11.0,90.0,2.0,90.0,6.0,143.0
Kieran Trippier,Newcastle,DEF,5.0,90.0,7.0,90.0,7.0,90.0,6.0,90.0,2.0,90.0,0.0,90.0,8.0,0.0,0.0,90.0,5.0,82.0,7.0,83.0,7.0,90.0,6.0,90.0,9.0,90.0,2.0,90.0,11.0,79.0,12.0,90.0,7.0,90.0,12.0,90.0,8.0,90.0,8.0,90.0,9.0,90.0,8.0,90.0,2.0,90.0,2.0,63.0,1.0,0.0,0.0,90.0,1.0,90.0,5.0,90.0,2.0,176.0,14.0,90.0,2.0,90.0,1.0,69.0,2.0,90.0,2.0,90.0,2.0,90.0,1.0,180.0,11.0,90.0,9.0,90.0,0.0,198.0
Fabian Schär,Newcastle,DEF,4.5,90.0,15.0,90.0,5.0,90.0,0.0,90.0,1.0,0.0,0.0,90.0,6.0,0.0,0.0,90.0,2.0,82.0,6.0,90.0,2.0,90.0,8.0,90.0,5.0,90.0,2.0,82.0,6.0,90.0,2.0,90.0,7.0,90.0,6.0,90.0,6.0,90.0,6.0,90.0,6.0,90.0,6.0,90.0,2.0,90.0,2.0,90.0,1.0,0.0,0.0,0.0,0.0,90.0,2.0,90.0,2.0,180.0,11.0,90.0,2.0,90.0,0.0,73.0,8.0,90.0,2.0,90.0,2.0,90.0,-2.0,180.0,2.0,90.0,6.0,90.0,2.0,139.0
Gabriel Martinelli Silva,Arsenal,MID,6.0,90.0,8.0,90.0,8.0,74.0,6.0,90.0,2.0,90.0,10.0,90.0,2.0,0.0,0.0,77.0,3.0,90.0,4.0,90.0,12.0,90.0,3.0,0.0,0.0,70.0,2.0,62.0,8.0,90.0,3.0,90.0,6.0,87.0,8.0,90.0,10.0,90.0,3.0,78.0,2.0,81.0,2.0,58.0,1.0,136.0,5.0,22.0,6.0,180.0,26.0,90.0,2.0,76.0,8.0,82.0,7.0,90.0,5.0,90.0,13.0,84.0,5.0,84.0,9.0,59.0,1.0,31.0,1.0,79.0,6.0,19.0,1.0,0.0,0.0,0.0,0.0,198.0
Bukayo Saka,Arsenal,MID,8.0,90.0,6.0,83.0,2.0,87.0,3.0,90.0,5.0,87.0,5.0,90.0,7.0,0.0,0.0,90.0,9.0,90.0,2.0,90.0,15.0,81.0,9.0,0.0,0.0,90.0,1.0,26.0,4.0,90.0,5.0,90.0,3.0,90.0,9.0,90.0,6.0,90.0,3.0,90.0,6.0,90.0,9.0,90.0,2.0,180.0,15.0,90.0,6.0,171.0,15.0,90.0,2.0,71.0,3.0,90.0,18.0,30.0,1.0,90.0,1.0,90.0,0.0,90.0,13.0,79.0,2.0,73.0,2.0,86.0,3.0,90.0,2.0,90.0,2.0,59.0,6.0,202.0
Marcus Rashford,Man Utd,MID,6.5,90.0,2.0,90.0,1.0,85.0,10.0,90.0,3.0,86.0,6.0,79.0,18.0,0.0,0.0,0.0,0.0,58.0,1.0,90.0,2.0,18.0,1.0,90.0,3.0,80.0,3.0,90.0,8.0,90.0,2.0,90.0,2.0,85.0,14.0,45.0,5.0,90.0,8.0,180.0,12.0,90.0,7.0,180.0,20.0,90.0,8.0,68.0,15.0,0.0,0.0,84.0,2.0,90.0,3.0,0.0,0.0,180.0,12.0,80.0,6.0,0.0,0.0,0.0,0.0,90.0,12.0,175.0,8.0,90.0,2.0,0.0,0.0,61.0,7.0,76.0,2.0,205.0
Martin Ødegaard,Arsenal,MID,6.5,90.0,3.0,90.0,2.0,73.0,16.0,90.0,10.0,80.0,1.0,73.0,2.0,0.0,0.0,0.0,0.0,79.0,2.0,81.0,4.0,72.0,6.0,0.0,0.0,82.0,2.0,90.0,10.0,86.0,3.0,90.0,16.0,90.0,11.0,86.0,13.0,90.0,2.0,90.0,9.0,90.0,5.0,76.0,2.0,180.0,4.0,90.0,8.0,173.0,11.0,90.0,2.0,90.0,7.0,90.0,2.0,84.0,6.0,79.0,2.0,89.0,10.0,90.0,7.0,70.0,2.0,90.0,15.0,79.0,10.0,76.0,2.0,90.0,2.0,74.0,3.0,212.0
Mohamed Salah,Liverpool,MID,13.0,90.0,12.0,90.0,2.0,90.0,8.0,90.0,3.0,90.0,10.0,90.0,3.0,0.0,0.0,0.0,0.0,90.0,5.0,68.0,2.0,89.0,8.0,90.0,3.0,90.0,2.0,90.0,7.0,90.0,15.0,90.0,2.0,90.0,12.0,90.0,2.0,90.0,2.0,90.0,2.0,90.0,3.0,90.0,2.0,89.0,11.0,90.0,6.0,180.0,11.0,90.0,21.0,90.0,0.0,0.0,0.0,94.0,7.0,90.0,5.0,80.0,14.0,90.0,7.0,90.0,2.0,173.0,18.0,90.0,10.0,87.0,12.0,90.0,5.0,90.0,5.0,239.0
Harry Kane,Spurs,FWD,11.5,90.0,2.0,90.0,8.0,90.0,6.0,90.0,10.0,90.0,5.0,77.0,9.0,0.0,0.0,90.0,10.0,90.0,6.0,89.0,7.0,90.0,9.0,90.0,2.0,90.0,8.0,90.0,1.0,90.0,8.0,90.0,11.0,90.0,7.0,90.0,2.0,90.0,16.0,180.0,7.0,90.0,6.0,90.0,8.0,90.0,2.0,90.0,5.0,90.0,6.0,90.0,2.0,90.0,13.0,90.0,6.0,90.0,7.0,90.0,9.0,90.0,2.0,90.0,6.0,90.0,11.0,90.0,8.0,90.0,8.0,90.0,7.0,90.0,7.0,90.0,16.0,263.0
Erling Haaland,Man City,FWD,11.5,77.0,13.0,73.0,5.0,90.0,6.0,83.0,17.0,68.0,17.0,90.0,9.0,0.0,0.0,90.0,6.0,90.0,23.0,90.0,6.0,90.0,2.0,0.0,0.0,79.0,13.0,0.0,0.0,26.0,5.0,90.0,1.0,90.0,13.0,90.0,6.0,90.0,2.0,179.0,8.0,60.0,17.0,90.0,2.0,135.0,10.0,90.0,2.0,71.0,10.0,90.0,4.0,90.0,6.0,0.0,0.0,0.0,0.0,68.0,12.0,45.0,12.0,0.0,0.0,90.0,14.0,180.0,16.0,90.0,2.0,77.0,7.0,106.0,6.0,0.0,0.0,272.0
Alisson Ramses Becker,Liverpool,GK,5.5,90.0,1.0,90.0,2.0,90.0,1.0,90.0,6.0,90.0,2.0,90.0,8.0,0.0,0.0,0.0,0.0,90.0,2.0,90.0,2.0,90.0,14.0,90.0,15.0,90.0,4.0,90.0,2.0,90.0,3.0,90.0,3.0,90.0,3.0,90.0,2.0,90.0,2.0,90.0,2.0,90.0,9.0,90.0,2.0,90.0,6.0,90.0,7.0,180.0,12.0,90.0,7.0,90.0,2.0,0.0,0.0,180.0,7.0,90.0,2.0,90.0,2.0,90.0,2.0,90.0,2.0,180.0,12.0,90.0,5.0,90.0,9.0,90.0,2.0,0.0,0.0,162.0
Tyrone Mings,Aston Villa,DEF,4.5,0.0,0.0,90.0,2.0,90.0,1.0,0.0,0.0,90.0,1.0,90.0,2.0,0.0,0.0,90.0,9.0,90.0,6.0,90.0,2.0,90.0,1.0,90.0,-2.0,90.0,10.0,90.0,0.0,90.0,1.0,90.0,1.0,90.0,1.0,90.0,5.0,90.0,7.0,90.0,2.0,90.0,6.0,90.0,0.0,0.0,0.0,90.0,0.0,90.0,7.0,90.0,8.0,90.0,2.0,90.0,12.0,180.0,10.0,90.0,6.0,90.0,6.0,90.0,2.0,90.0,15.0,90.0,2.0,90.0,1.0,90.0,2.0,90.0,1.0,90.0,1.0,130.0
Evan Ferguson,Brighton,FWD,4.5,0.0,0.0,0.0,0.0,0.0,0.0,0.0,0.0,0.0,0.0,0.0,0.0,0.0,0.0,0.0,0.0,0.0,0.0,0.0,0.0,0.0,0.0,0.0,0.0,0.0,0.0,0.0,0.0,0.0,0.0,0.0,0.0,7.0,1.0,30.0,5.0,70.0,11.0,65.0,5.0,24.0,6.0,0.0,0.0,33.0,1.0,72.0,2.0,0.0,0.0,82.0,2.0,78.0,3.0,0.0,0.0,72.0,7.0,24.0,1.0,38.0,1.0,0.0,0.0,0.0,0.0,0.0,0.0,45.0,1.0,110.0,3.0,102.0,14.0,90.0,2.0,65.0
Neco Williams,Nott'm Forest,DEF,4.0,90.0,0.0,90.0,7.0,90.0,1.0,90.0,1.0,90.0,-1.0,90.0,4.0,0.0,0.0,87.0,1.0,45.0,-1.0,32.0,1.0,90.0,2.0,90.0,6.0,72.0,6.0,26.0,1.0,90.0,1.0,4.0,1.0,16.0,1.0,2.0,1.0,6.0,1.0,4.0,1.0,15.0,1.0,89.0,5.0,0.0,0.0,32.0,1.0,90.0,0.0,0.0,0.0,17.0,1.0,11.0,1.0,180.0,2.0,90.0,1.0,90.0,0.0,90.0,6.0,64.0,2.0,0.0,0.0,0.0,0.0,0.0,0.0,0.0,0.0,0.0,0.0,54.0
